-11
9
96
160
-54
21
-92
7
195
35
76
-20
-52
86
-37
-23
-63
-75
-88
-8
-55
67
121
-74
163
180
-90
-23
166
-82
124
165
158
-17
-93
-47
-32
59
1
129
-74
171
18
96
66
163
31
48
50
108
53
-96
-82
39
164
23
-92
14
25
-52
-72
-60
16
-35
52
-93
144
21
186
106
108
-72
55
-85
48
119
123
-93
138
94
60
194
1
4
101
179
-71
22
177
24
-25
-70
58
117
193
163
190
149
-4
113
68
-82
6
141
-84
97
-49
88
133
-59
-13
12
89
159
68
130
-72
167
43
161
-17
162
38
-81
24
154
128
156
-27
48
25
-75
193
-20
155
-60
165
94
189
-39
156
73
137
105
-55
163
-95
-11
4
172
165
127
72
69
121
106
199
18
-65
125
182
18
9
-19
45
79
122
79
119
-89
56
132
-25
-4
77
-33
113
73
0
-51
-39
184
-92
54
70
109
-98
167
-55
-6
27
162
-31
45
28
-98
142
-100
93
39
116
188
138
147
80
-35
117
-90
114
-9
5
98
-13
103
9
146
-62
96
179
-90
-26
33
122
199
-8
165
101
173
45
19
-82
-10
-70
-36
70
-55
112
160
-3
-41
-30
101
161
-81
-58
-98
83
21
136
58
-21
60
-29
-88
-61
168
-19
139
153
152
107
-68
180
120
141
-8
106
8
65
-93
184
109
-50
71
1
-42
-18
86
33
82
-83
-99
24
136
-4
52
34
10
-2
-42
37
70
134
-8
74
150
61
-69
-23
167
-25
139
-16
-7
25
131
131
55
199
-46
197
-80
-33
-55
-89
25
129
62
96
57
49
37
173
-95
38
15
-76
7
74
93
34
130
-86
-5
-56
-12
-90
117
23
-100
12
182
67
25
112
51
136
88
84
84
100
189
-7
-64
175
-46
-7
-95
-54
-33
-6
7
-50
-52
193
80
123
147
4
86
-57
-7
31
65
146
41
-52
-45
162
-28
199
16
28
74
185
123
-40
-69
86
1
-77
157
-66
19
147
43
148
11
76
122
-76
62
106
68
97
187
74
135
187
118
8
90
-19
-26
64
31
118
3
-26
-33
-96
-45
14
169
116
185
195
199
56
125
46
-54
61
-37
137
96
198
24
28
-60
193
-29
-84
-72
197
82
65
90
-93
191
195
113
95
-46
53
-30
19
56
41
120
11
50
-85
45
113
124
89
121
161
-64
-2
61
77
156
26
40
57
-99
-94
2
-54
-63
68
104
27
-75
169
-27
17
68
127
-71
-14
163
68
162
17
118
-13
149
73
34
49
70
5
-84
119
-94
182
199
110
-58
5
85
197
-8
-31
9
57
168
-28
132
-81
-90
168
187
65
-27
120
140
-33
62
122
178
10
158
21
60
-42
-74
47
45
158
85
180
97
186
-75
131
69
-71
26
173
-8
166
-21
-95
-12
45
7
105
121
-7
149
15
31
91
-42
-27
13
-33
-84
110
-96
-44
-53
-59
104
34
13
109
25
35
194
147
-47
-16
111
39
74
37
71
150
63
51
39
-75
-64
-65
125
93
-80
-53
79
43
-1
-82
35
31
-82
135
-40
15
114
61
10
129
144
24
-38
166
-11
119
145
-24
174
43
-50
-14
79
36
-60
25
133
-2
171
80
0
160
122
-19
198
-65
-40
119
63
-84
37
-73
108
59
132
-68
79
-6
104
84
56
42
180
-10
162
118
-45
140
149
-61
88
52
62
16
-96
-86
-48
-66
-27
-88
196
187
30
-78
-91
96
106
82
34
-86
-98
62
-52
177
175
195
197
53
-21
180
42
90
-51
41
198
177
124
-20
39
-31
-83
31
193
104
53
126
-60
72
5
-70
-64
-3
43
-76
108
16
8
7
78
38
84
-68
-67
195
-71
26
-4
190
-72
47
182
76
74
120
-23
55
-76
124
127
-25
123
-10
-57
200
141
65
106
129
4
-59
188
118
-69
195
-61
32
-46
29
191
61
159
-68
189
40
44
96
35
-22
13
-90
92
65
-72
82
140
-40
65
75
-67
140
-71
42
5
90
-95
89
-88
178
-30
168
169
-82
-89
116
171
159
-21
120
73
161
122
120
-65
-46
24
161
165
-78
-33
-9
-33
84
-20
-5
-99
85
-98
181
48
26
73
73
176
42
193
-83
-31
-34
44
-4
174
-18
28
154
60
-76
144
100
112
-71
-84
97
98
13
148
170
107
-95
48
-57
171
86
6
77
134
-47
200
147
135
-50
-85
86
-75
135
170
-41
-37
-14
142
196
160
-83
1
167
160
35
-29
15
-50
147
-73
24
174
51
-55
-24
-90
34
45
-74
-12
-46
113
156
-80
172
134
104
-92
180
-17
67
-75
-100
104
-24
-2
-98
140
-46
167
27
163
56
129
145
-22
-53
-7
78
-72
132
28
-5
111
186
-51
-38
170
89
162
176
-30
156
20
-92
19
123
145
-87
-8
85
7
20
129
146
57
106
4
53
-36
-55
-57
142
148
47
178
150
61
48
132
16
-10
-22
56
155
-4
165
111
-41
-8
175
-59
-43
90
90
149
-36
124
196
172
186
49
-24
-42
165
178
67
86
29
-51
-12
-34